[work3.jpg]
moddate=ca82d0b94426d801
width=640
height=425
text=1;138;15;DJANGO&#010;MiniBlog;Aharoni;0.562101,0.262711,0.083333,0.000000;v1,4278190080,4278190080,128.000000,1.000000,0.250000,1.000000,400,2,49152;;
textactive=1
